name,group,T0,T1,T2,T3,T4,T5,T6,T7,T8,T9,T10,T11,T12,T13,T14,T15,T16,T17,T18,T18,ID
"data, visual, visualization, results, information, system, design, time, users, different",D0,0.0435314574333,0.0431275628902,0.0486219795839,0.0597695787595,0.0587096440154,0.0514860940238,0.0397155340728,0.0567861779846,0.0596603504478,0.0695538799649,0.0490011253159,0.0305843850355,0.042885794098,0.0465061213554,0.0591441052913,0.0444738824597,0.0427188695606,0.0555781852,0.0625542579301,0.0355910145772,0
"data, visual, visualization, study, users, system, based, visualizations, results, information",D1,0.0504564702895,0.0453386732534,0.0520222337215,0.0677672303498,0.0539122589994,0.0563521369199,0.0479413595805,0.044116683772,0.0570265774235,0.0457591969749,0.0413763579528,0.0329503886257,0.043106313821,0.0512352957028,0.0592005062531,0.054981889759,0.0613486126696,0.0493023883768,0.0498081089586,0.0359973165962,1
"data, visual, visualization, design, time, visualizations, results, information, based, paper",D2,0.0571428953466,0.0416481171651,0.0469161272152,0.059087723779,0.045051716194,0.0433168903714,0.0473326916035,0.0486658342721,0.0741103314048,0.0467263844962,0.0444709558502,0.0443667627964,0.0459656024672,0.0534713189242,0.0521366543378,0.0522658113781,0.0341873922745,0.0695600970721,0.0536604623217,0.0399162307299,2
"data, visual, visualization, design, time, paper, techniques, approach, analysis, results",D3,0.0317793579046,0.0426343544009,0.0467847761885,0.042777264023,0.0456002500683,0.0422843087859,0.0503107730463,0.0581478383077,0.0704206564593,0.0573537351046,0.0432560472383,0.0592342256318,0.0401154771027,0.0487516496643,0.0602832687707,0.0562301966006,0.0431972922205,0.067025002041,0.0510415756534,0.0427719507876,3
"data, visual, visualization, results, information, design, time, paper, techniques, approach",D4,0.040819265159,0.0571273151812,0.0382407146726,0.0431243290001,0.0465236762177,0.0396547279191,0.0450865186265,0.0486383498852,0.0691376366012,0.0563363740245,0.0513123729444,0.0527637115639,0.0599478589637,0.0412595009969,0.0613201287364,0.0475131349511,0.0363378613016,0.0577492846023,0.0622202414523,0.0448869972004,4
"data, visual, visualization, different, design, time, results, information, based, use",D5,0.0389095106919,0.0427431203378,0.0392641544722,0.0479501287958,0.0470815992386,0.046859036107,0.0450313159168,0.0426110186912,0.0640967801295,0.062189149855,0.0652326844849,0.0388312951727,0.0417686974685,0.0541089358846,0.0552086220392,0.0663836688088,0.0486529113139,0.0564697035033,0.0552506162678,0.0413570508207,5
"data, visual, visualization, system, results, information, based, users, using, use",D6,0.0423484047818,0.0367694161544,0.0407785261206,0.0673947612654,0.0620240155126,0.0495401167357,0.0600202309573,0.0614402251607,0.0631616190018,0.0554246989475,0.0414005453911,0.0428506479528,0.05309950235,0.0518435122008,0.0401030020357,0.0579372496326,0.0455607602048,0.0284609487987,0.0615427544242,0.0382990623716,6
"data, visual, visualization, results, information, system, users, visualizations, based, study",D7,0.0498104718714,0.0335467486802,0.0477942572695,0.0546937779699,0.0606736986814,0.0601308449043,0.0474500280864,0.0520753970469,0.0679256751223,0.0562544853789,0.0359252524155,0.0420436065987,0.0521658175128,0.0495396301149,0.0623280840183,0.0400418989678,0.0465690869736,0.0456457639766,0.0608422046824,0.034543269728,7
"data, visual, visualization, results, information, design, time, visualizations, system, study",D8,0.0485152998911,0.0380776697234,0.0391684284546,0.0648932812439,0.0474350957611,0.0450363668332,0.0456439856668,0.0392588380282,0.0780006301594,0.0606684888955,0.0353582953751,0.0480311919331,0.0703951983701,0.0434648563614,0.0571321066705,0.0496073704563,0.0455624492703,0.0550370544007,0.0558741336689,0.0328392588364,8
"data, visual, visualization, different, system, users, design, time, results, information",D9,0.0523963867045,0.0400772512872,0.0411515217615,0.0614020513431,0.0580597590468,0.0561076473194,0.0659528099736,0.0445016091324,0.0543201933358,0.057855879988,0.0598144087683,0.0421932991941,0.0406129605501,0.0381153613872,0.0551024052601,0.0456353753046,0.0468246337064,0.0529582801751,0.0524267552578,0.0344914105039,9
"data, visual, visualization, design, time, paper, techniques, approach, analysis, using",D10,0.037469420502,0.0449624986932,0.0522014479839,0.0626204687999,0.0366161183109,0.0448649043983,0.0519669762504,0.0625613585739,0.0824979097676,0.0541907898464,0.0463775660559,0.0474150987293,0.0413618444125,0.049409529944,0.0551283274157,0.0470902249901,0.0404803935637,0.0569224818265,0.0394421052801,0.0464205346558,10
"data, visual, visualization, system, users, design, time, results, information, study",D11,0.0489400201359,0.0309680128497,0.0287384058899,0.0490277205923,0.0680747112318,0.0662352069176,0.0606859876383,0.0634658967018,0.0549953628745,0.0570195246295,0.0355195977241,0.0356277278453,0.0437611621555,0.046226413107,0.0449162705983,0.0451567892978,0.0552297755239,0.0654653669763,0.0564415564153,0.0435044908954,11
"data, visual, visualization, design, time, different, results, information, paper, techniques",D12,0.0413157918213,0.0465811612441,0.0423156427111,0.0529164311679,0.054499244264,0.0424672648913,0.0393821298768,0.0562966269383,0.0864774400201,0.0508566589726,0.0593864194151,0.0529286748035,0.0377672550665,0.0317324272936,0.0474711353653,0.049101652464,0.0453436341304,0.0598940605464,0.0574062735968,0.0458600754109,12
"data, visual, visualization, results, information, design, time, system, visualizations, paper",D13,0.0523953036385,0.0325460358211,0.0433859966899,0.0392972059038,0.0558026391107,0.0388261293991,0.0430022900983,0.0548587386303,0.0655915309274,0.0650213931991,0.0417456761116,0.0587585052438,0.0562814488178,0.0408798075078,0.0464853087466,0.0460844908524,0.0458202582598,0.0620568722103,0.0684871549178,0.0426732139136,13
"data, visual, visualization, users, results, information, system, paper, techniques, approach",D14,0.0476494748189,0.037049787358,0.0288467444373,0.0481374944949,0.0588166956207,0.0654888382198,0.0425673547837,0.0542961960124,0.0633907587006,0.0431957693738,0.0378609391795,0.0690125028353,0.0525533967982,0.0441764049853,0.0556045919095,0.0531265398273,0.0477422462571,0.0483659935853,0.0591218075317,0.0429964632708,14
"data, visual, visualization, visualizations, users, design, time, paper, techniques, approach",D15,0.0600795091972,0.0408961293471,0.0414173000378,0.0647594341268,0.0471724377966,0.059990750885,0.0438403674582,0.053461380686,0.0651789244598,0.0574835998761,0.0446876060597,0.0429187249078,0.0415823809344,0.0433337932331,0.0416861691594,0.063166656834,0.0402191522469,0.053347555753,0.0506909897138,0.0440871372872,15
"data, visual, visualization, system, different, use, users, visualizations, design, time",D16,0.0499114603042,0.0363419180474,0.0512079485265,0.0339361179625,0.063764787274,0.0499239745745,0.0507122873105,0.0557871082202,0.0521707039654,0.0504339435712,0.0574751596581,0.0546501285916,0.0548384574624,0.0402635742091,0.0546111030025,0.0633894985485,0.0435630224637,0.0489751193598,0.0481791964978,0.0398644904499,16
"data, visual, visualization, results, information, different, based, system, users, design",D17,0.0391415926542,0.0407990759837,0.048818537215,0.0556242831312,0.0531217218576,0.0498550522216,0.0555861873756,0.0451946925865,0.0550604600918,0.0593502319841,0.060838871327,0.0500413747204,0.0429906594926,0.0535170086844,0.0572680483874,0.0475985295889,0.0416419604451,0.0456189094734,0.0625927529062,0.0353400498731,17
"data, visual, visualization, results, information, based, users, design, time, different",D18,0.0413821199403,0.0476608505945,0.0470990718474,0.046303848468,0.0424494750518,0.0537171822889,0.0527651185908,0.0539383201164,0.0594995709602,0.0552376146142,0.0509633554402,0.0443900140859,0.0404938579821,0.056644442613,0.0596793792078,0.0536593149853,0.0392494434904,0.0530511260047,0.0664677053573,0.035348188361,18
"data, visual, visualization, design, time, system, users, different, visualizations, results",D19,0.047343812709,0.0509225916159,0.0441513513597,0.0600832068543,0.0581193466793,0.0531326571753,0.0516005961226,0.0497099710105,0.058202775043,0.0625794938504,0.0509842815268,0.0472037037777,0.0546080136022,0.0388771278943,0.0567277551085,0.042430847807,0.035837660248,0.0583182691152,0.0467122651809,0.0324542733194,19
"data, visual, visualization, design, time, results, information, system, users, visualizations",D20,0.0511756694203,0.0336725458403,0.0481064310242,0.064702001521,0.0536655498665,0.0521289051051,0.0560928368026,0.052599195724,0.053593247043,0.0481309870095,0.0510970543647,0.0519316635102,0.0461632320976,0.0334658327955,0.0563478731801,0.0562487969254,0.0458584363155,0.0571016605078,0.0546900654459,0.0332280155009,20
"data, visual, visualization, results, information, system, design, time, users, paper",D21,0.0447123707203,0.0361325145322,0.0491794656288,0.0372122339726,0.0575860633488,0.0522913265916,0.0485926973688,0.0593915407634,0.0687820034543,0.054998178523,0.0492712741453,0.0506834828726,0.0427394865046,0.0356917170043,0.0565508453273,0.0441471246823,0.0471260742225,0.0572883205754,0.0652344861216,0.0423887936403,21
"data, visual, visualization, study, results, information, users, design, time, visualizations",D22,0.049064877916,0.0504081520108,0.0348073128034,0.0487622545747,0.0455524246431,0.053207546449,0.0491749102644,0.0471565477334,0.0604128497257,0.0823121355238,0.0318750166627,0.049648078566,0.0325694185678,0.0402888385285,0.0701052108523,0.0535745499208,0.0592283676494,0.0511763688894,0.0545465687229,0.0361285699958,22
"data, visual, visualization, design, time, results, information, paper, techniques, approach",D23,0.0461779921505,0.0474624163329,0.0450916563861,0.0408163562195,0.0453497891207,0.0373203818908,0.0607900784251,0.0549481194529,0.0579845061652,0.0763249986017,0.0433573167461,0.0625309307759,0.0433011853328,0.0379981993074,0.0457871711582,0.0576159216569,0.0310002171888,0.0672250455248,0.0600601387351,0.0388575788285,23
"data, visual, visualization, system, based, results, information, design, time, paper",D24,0.0482231881956,0.0397987000744,0.0584589143567,0.048389896594,0.0579184553073,0.0463504956005,0.0469726464266,0.0561313921867,0.0646801502249,0.057979231791,0.0463992525877,0.0497908362692,0.040105338848,0.0564591140155,0.0534443653831,0.0388647298252,0.045519661905,0.0508931899262,0.0522570691961,0.0413633712862,24
"data, visual, visualization, design, time, system, users, based, different, results",D25,0.0357384458964,0.0453456686777,0.0462573740796,0.0522013882372,0.0623284555025,0.0565777838369,0.0340801780423,0.0530000003122,0.0627544579437,0.0556443797694,0.0520258238772,0.0447970370786,0.0399389602414,0.0564188012095,0.0504645057686,0.0495509881432,0.0437321221773,0.0703917615243,0.0496841707429,0.0390676969392,25
"data, visual, visualizations, visualization, design, time, users, use, results, information",D26,0.068050340332,0.0407832038994,0.048764695443,0.0458115269272,0.0448675770597,0.0501258577233,0.0617784409287,0.0540796353291,0.0828387188562,0.0626583219257,0.0317304646785,0.0404391341892,0.0407778586035,0.0333324831042,0.0560692126719,0.0590928489631,0.0444196338093,0.0559016364462,0.0448917887074,0.0335866204022,26
"data, visual, visualization, different, design, time, based, system, paper, techniques",D27,0.0465656269683,0.0478998704577,0.048813713585,0.0523452915417,0.048546874928,0.0453527284265,0.0532510316225,0.0475086235142,0.0749043913333,0.0483269108156,0.0608892559157,0.0486112112105,0.0471659000314,0.0575576888729,0.0442112045727,0.0479646350724,0.0371379573634,0.0608073776731,0.0427023087023,0.0394373973927,27
"data, visual, visualization, system, users, visualizations, different, design, time, results",D28,0.047502868899,0.0433966385368,0.0410666622359,0.0541108857974,0.0685319727856,0.0483401651522,0.046490684699,0.0547337057582,0.0566536423004,0.051876999168,0.0474326934624,0.055067654701,0.0688795558744,0.0438052927621,0.0556616811967,0.0451329324577,0.0394842292013,0.0471466056434,0.0464663505781,0.0382187787904,28
"data, visual, results, information, system, visualization, design, time, users, study",D29,0.0448510268275,0.0490589044826,0.0505040537614,0.0472756540427,0.0664129333772,0.0508515214774,0.0412394984239,0.0569985801316,0.0538821287083,0.0634048215761,0.0449480882959,0.0434627599699,0.0472172101145,0.0364041015968,0.0457187207151,0.0427700965878,0.0500616225459,0.0626145375601,0.0703160477893,0.032007692016,29
"data, visual, visualization, system, users, paper, techniques, approach, analysis, results",D30,0.0483354437648,0.0411377630511,0.0432908268899,0.0461250561468,0.0598609469546,0.0594223071739,0.0407862249537,0.0612472878533,0.0624241693642,0.0544031928491,0.0541469485577,0.0431904489968,0.0529375200067,0.0389555125434,0.058815997996,0.0404326594003,0.041193040438,0.0508696760088,0.0543766695007,0.0480483075502,30
"data, visual, visualization, results, information, paper, techniques, approach, analysis, user",D31,0.0573113172743,0.0329029744154,0.0450748706537,0.0361090303734,0.052003484642,0.0521841892618,0.0459421490657,0.0452472967149,0.0496073659901,0.0466795365786,0.0471478585829,0.0490963157734,0.041864987859,0.0484179756628,0.0598146507372,0.0602909258465,0.0464859793546,0.055641260009,0.0699400337768,0.0582377974278,31
"data, visual, visualization, paper, techniques, approach, analysis, users, results, information",D32,0.0394313773092,0.0341974994466,0.0393950707238,0.0676260714555,0.0527796776598,0.0565133069885,0.0529735150178,0.0642471777689,0.0679036353026,0.0491132203577,0.0456107656347,0.0525705973431,0.0430249118021,0.04392940705,0.0494228756728,0.0514764202251,0.0357735884067,0.0517999290078,0.0528737251727,0.0493372276547,32
"data, visual, visualization, system, design, time, results, information, different, users",D33,0.048732272667,0.0434041337736,0.0397812858489,0.0579583687111,0.0728868118107,0.0495105919209,0.0381792293308,0.0476302702791,0.077911189132,0.0455806555795,0.0538959829151,0.0391251122624,0.0439569012532,0.0409055145894,0.0375828398035,0.0572151667307,0.0429691266174,0.0624697716739,0.0615596399103,0.0387451351907,33
"data, visual, visualization, results, information, paper, techniques, approach, analysis, system",D34,0.0531525444853,0.0374177722021,0.0493674137505,0.0480450726207,0.0550332620681,0.0386252517216,0.0534793839598,0.0428693160134,0.0711654018471,0.07600173363,0.0528790909026,0.03789137605,0.0538668798362,0.0308259023914,0.0526259257488,0.040485549129,0.0463891548855,0.0531584645324,0.0594020185803,0.0473184856451,34
"data, visual, visualization, study, paper, techniques, approach, analysis, design, time",D35,0.0488871835768,0.0447624191673,0.0478991317747,0.0380461770752,0.0444935972571,0.0486205406776,0.0565165901201,0.0564875005883,0.0680471233502,0.0514441111707,0.0481367546454,0.051664341218,0.0429102276339,0.047762381253,0.0412460321555,0.0495435094236,0.0635873464775,0.0531565655239,0.0482865755763,0.0485018913351,35
"data, visual, visualization, system, results, information, paper, techniques, approach, analysis",D36,0.0431626403609,0.0483838079634,0.0453219689314,0.061035266959,0.0659845160352,0.0417188205194,0.0435165652865,0.0382271892417,0.0727361535311,0.0686806409975,0.0499741529455,0.0541874640066,0.0475145763569,0.0320746952614,0.0574601851428,0.0379756113379,0.0371139881727,0.0458821703693,0.0607076488745,0.0483419377064,36
"data, visual, visualization, system, based, visualizations, different, design, time, paper",D37,0.0539171555063,0.0352289397394,0.0359009686018,0.0611398854135,0.0599037468467,0.0485318460629,0.0447451226946,0.0387509903993,0.0689244932268,0.0603778379947,0.0524208532933,0.0480078340371,0.0538911254807,0.0549885447512,0.0570060347773,0.0517742533404,0.0440948657109,0.049716862994,0.039428321617,0.0412503175122,37
"data, visual, visualization, different, results, information, paper, techniques, approach, analysis",D38,0.0420055390649,0.0446558717288,0.0477442912977,0.0515508399941,0.0492424862268,0.0529655330577,0.0574139658206,0.0441873162319,0.0674264025492,0.0667050369664,0.0567805514604,0.0412799289844,0.0539208043478,0.0384252439287,0.0533988215444,0.0448033680471,0.0451023674869,0.0414423155473,0.0561850019793,0.0447643137356,38
"data, visual, visualization, study, design, time, results, information, system, different",D39,0.0489062728611,0.0499831404565,0.0352083918632,0.0635327121423,0.0536028570328,0.0377678454465,0.0461765535117,0.0333599966739,0.0694153727876,0.0516899627594,0.0508745762509,0.0562958218648,0.0420976289,0.0374018766802,0.069060778369,0.0465982100203,0.0594357761281,0.0571194428274,0.0541816625884,0.037291120836,39
"data, visual, visualization, system, results, information, study, different, visualizations, paper",D40,0.0527069092056,0.0370650409632,0.031271788278,0.0424737189767,0.067588093855,0.0302987985925,0.0625708470687,0.0506063691589,0.0466825367735,0.0663912460479,0.0537639485838,0.0379544051564,0.0422298734222,0.0488224292552,0.0705229380832,0.0489986438002,0.0572701586541,0.0479063597569,0.0612659270163,0.0436099673516,40
"data, visual, visualization, system, study, paper, techniques, approach, analysis, users",D41,0.0529919141361,0.0434369590814,0.0394833620512,0.0407934436132,0.0678350256166,0.0562391689852,0.0463585421449,0.046013733749,0.0573713019728,0.0633578420569,0.045513784611,0.0518155364553,0.0423570662297,0.0484716503554,0.0413196924169,0.0467268506771,0.0673802967135,0.0421053237343,0.0503231667651,0.0501053386345,41
"data, design, time, visual, visualization, results, information, different, system, visualizations",D42,0.0488992691423,0.0504835321304,0.0606716817732,0.050801995239,0.0511334812529,0.0385175128419,0.0438247507506,0.0507242006365,0.0559352403641,0.046450290606,0.052271896395,0.0618036181138,0.0497138235538,0.0379455785108,0.0654853630772,0.0393510057314,0.0400906003903,0.071626249596,0.0523460026019,0.0319239072928,42
"data, visual, visualization, visualizations, system, design, time, results, information, study",D43,0.0602131308008,0.0440339094626,0.0392166365607,0.0478423448821,0.0591968067603,0.038171069592,0.0421724301201,0.0413512178009,0.0784069844288,0.0626424086044,0.0401589063364,0.040987853047,0.0546409573352,0.0391961242631,0.0574552337565,0.0518767056374,0.0504757025984,0.0586778070987,0.0549745810431,0.0383091898718,43
"data, visual, visualization, system, design, time, different, results, information, paper",D44,0.0470809825474,0.0434999596599,0.0257941933172,0.0475250129698,0.0790507740289,0.0465629363369,0.0450310972536,0.0561490776569,0.0506475660975,0.0498313954787,0.0561657989242,0.0476878124926,0.053965937849,0.0498608157654,0.0556670115828,0.0511882504223,0.041187021003,0.056749424943,0.0535333783383,0.0428215533326,44
"data, visual, visualization, design, time, paper, techniques, approach, analysis, visualizations",D45,0.0544965080109,0.0410101035862,0.049392874828,0.0547260274638,0.0474485530123,0.0467399774451,0.0534558954265,0.0484609014247,0.0628147132945,0.0647145635173,0.0472818099607,0.0432969051892,0.0472872138371,0.0444978831605,0.0458277068529,0.0593554809112,0.037080482726,0.0596649864658,0.0460430085114,0.0464044043757,45
"data, visual, visualization, system, paper, techniques, approach, analysis, design, time",D46,0.0485743032712,0.0439338435725,0.0428922054953,0.0523242219402,0.0645657697392,0.051983774514,0.0485594672516,0.0554211226544,0.0502169262521,0.0570092559696,0.0447345355327,0.0534864981686,0.052880216307,0.0477990818574,0.0430418520122,0.0380961527246,0.0483204726613,0.0556437809489,0.0507362157198,0.0497803034074,46
"data, visual, visualization, system, design, time, users, visualizations, different, paper",D47,0.0509071313284,0.0412353160893,0.0401468542488,0.0562403290222,0.0633966940487,0.0547731018231,0.0489784630867,0.0590729187017,0.0550806752866,0.0626988281783,0.0488582690073,0.0462659283218,0.0578499280395,0.0449911209868,0.0457469507848,0.0550264499396,0.0363680562499,0.0575754215361,0.034097240968,0.0406903223526,47
"data, system, visual, results, information, different, visualization, visualizations, design, time",D48,0.0491557781787,0.0405431802681,0.0444425461771,0.0621619602143,0.0698385501661,0.0425649997384,0.05552506471,0.0463053565721,0.068370650221,0.0630897695517,0.0561644040484,0.0496828077167,0.0503693319351,0.0396561151567,0.056397268581,0.0482236013413,0.028318187996,0.0444877891333,0.0567940919907,0.0279085463033,48
"data, visual, visualization, design, time, users, paper, techniques, approach, analysis",D49,0.0504164339301,0.0425393663649,0.0431290418743,0.0484934116832,0.0562539741513,0.0573004481183,0.0457152010573,0.0484320837494,0.0664659018521,0.0545782019057,0.051556705364,0.0599879479244,0.0355042964614,0.0404454548079,0.0384588350282,0.0489797104232,0.04759361263,0.0634005789236,0.0537392832544,0.0470095104964,49
"data, visual, visualization, based, users, paper, techniques, approach, analysis, different",D50,0.0489975556548,0.0366697905829,0.0346045763261,0.0449828477507,0.0476020028523,0.0571011119554,0.0562970449119,0.0603844680257,0.0716404602658,0.0519187729414,0.0534633563322,0.053501911835,0.0461718761209,0.0599827412508,0.0476451639191,0.0384335991761,0.0466467363077,0.0507535586216,0.0472979103509,0.0459045148185,50
"data, visual, visualization, results, information, design, time, different, system, users",D51,0.0463775800078,0.0297807491186,0.0512190304356,0.0528222704108,0.0515967013408,0.0513908894363,0.0348314425681,0.0502167219418,0.0700362874929,0.0640842376973,0.0525878700113,0.0526410369039,0.0505503659497,0.0491411240568,0.0421240323031,0.0507649813622,0.0404177918039,0.0570035363895,0.0649157173234,0.0374976334463,51
"data, visual, visualization, system, based, results, information, different, design, time",D52,0.045691297475,0.0406805713572,0.0461887875211,0.05727558525,0.0634965363294,0.0468196337472,0.0520844622103,0.0478390696172,0.0534352585045,0.0478646383631,0.0509402391838,0.0494867478167,0.0500600736347,0.0607023931296,0.0472046201028,0.0512117290129,0.0467575745998,0.046933651193,0.0602160688959,0.0351110620559,52
"data, visual, visualization, design, time, different, system, results, information, visualizations",D53,0.04780376545,0.0378218772048,0.0422967014823,0.0517797512877,0.0536749719273,0.0439742663103,0.0543125771789,0.0471466160635,0.0649246246808,0.0454241820526,0.0567699212999,0.0537944510649,0.059951063703,0.0454581843466,0.0641135073368,0.0473439691183,0.0414292298728,0.0593149038286,0.0506727645821,0.0319926712088,53
"data, visual, visualization, users, based, visualizations, paper, techniques, approach, analysis",D54,0.0588157405902,0.0462157898044,0.0587513403214,0.0385684857992,0.0453127495962,0.0623879718611,0.0571344414937,0.0474040332945,0.0545275982398,0.0578922973627,0.0443911595872,0.0481595121689,0.0387842431605,0.0594061241487,0.0407984134825,0.051482513167,0.0488694030197,0.0479082736041,0.0463191046556,0.0468708046427,54
"data, visual, visualization, paper, techniques, approach, analysis, design, time, system",D55,0.04374986851,0.0442316610309,0.0445311036401,0.0462834996955,0.0494316684413,0.0466843990183,0.0529850497684,0.0391457258884,0.0859399367405,0.0520284647801,0.0467304547049,0.0425948832497,0.0589210507483,0.04942219252,0.0557485738339,0.0482613730378,0.0477542077461,0.0496830446061,0.0489120145942,0.0469608274456,55
"data, system, visual, visualization, results, information, users, visualizations, use, study",D56,0.0497981545386,0.0428587568409,0.0540479751622,0.0390948541064,0.0688936385786,0.0538642807519,0.0560661252989,0.0379940075538,0.0554798407122,0.0544754563157,0.0461488036137,0.056358462116,0.0580532892069,0.0407825374246,0.0465789185539,0.0602508645209,0.0467570699998,0.0463597678992,0.0559969448765,0.0301402519293,56
"data, visual, visualizations, visualization, system, study, results, information, design, time",D57,0.0579261297541,0.0368706332808,0.0528726950762,0.05969494992,0.0552126514046,0.0415477697621,0.0555228308252,0.0585236912917,0.0683300045865,0.0558172136554,0.0451980710858,0.0484338988813,0.0458180900555,0.0384951733805,0.0426233778411,0.056655502238,0.0535978404318,0.0475190917888,0.0509547423927,0.0283856423478,57
"data, visual, visualization, system, results, information, users, visualizations, study, using",D58,0.0526353359071,0.0368812656438,0.0363385260778,0.0486546338911,0.0661769916445,0.0577285754532,0.0422416776421,0.0602131942882,0.0758532536662,0.0453611787414,0.0418159548144,0.0467879588724,0.0485833483709,0.0465715017669,0.0579218706991,0.0426948567589,0.0504915052104,0.0476198399363,0.0594347053854,0.03599382523,58
"data, visual, visualization, users, system, design, time, based, results, information",D59,0.0385311262651,0.0386661361191,0.0445968361595,0.0625644874264,0.0637569082068,0.0668138897983,0.0506699132797,0.0391839181587,0.0633418198801,0.0477740140055,0.0400382077193,0.0434894797536,0.0515384333548,0.0547018668037,0.0508345554767,0.0537331731518,0.0451296107187,0.0553758988389,0.049215523974,0.0400442009094,59
"data, visual, visualization, paper, techniques, approach, analysis, different, based, results",D60,0.0457181198155,0.0489103038792,0.0409823166236,0.0405612320332,0.0486772424891,0.0419315789621,0.0559224142221,0.0586098755025,0.057810626817,0.0699536316129,0.0546631509031,0.0408164016373,0.0546299039463,0.0544928877648,0.0520468771038,0.0505222957758,0.0444694207434,0.0399931199153,0.0497323005736,0.0495562996793,60
"data, visual, visualization, design, time, results, information, different, system, study",D61,0.0446885298352,0.0465027144252,0.037651787757,0.0424371408545,0.0551216405499,0.0438607552644,0.0369669014958,0.0509098381449,0.0716895517121,0.0497118679049,0.0590889437787,0.0412554134035,0.0403137639396,0.0488198305198,0.0646235247551,0.043875368391,0.0543271040012,0.0637580091112,0.0602748008249,0.0441225133311,61
"data, visual, results, information, visualization, use, different, visualizations, study, system",D62,0.0500534835879,0.0427317159936,0.0401373159933,0.05583251427,0.0490410087583,0.0485702913429,0.0544946013379,0.0585323847225,0.0544734270893,0.0699976325698,0.0503384683981,0.0545380086675,0.0486750790774,0.0313950557835,0.0406046176749,0.0639333104973,0.0493068371695,0.0408671800069,0.0643295330955,0.0321475339638,62
"data, visual, visualization, design, time, based, users, different, flow, paper",D63,0.0397599400122,0.05895742838,0.0442521445675,0.0499713572512,0.0443611576849,0.0500368139107,0.0510612103362,0.0554772443976,0.0822503250017,0.0476532112001,0.0487198044897,0.0444993248985,0.0425417018811,0.0561483364233,0.054319787725,0.0457343797181,0.0403283370275,0.0627053333829,0.0431398447045,0.0380823170074,63
"data, visual, visualization, results, information, different, using, visualizations, design, time",D64,0.0477283699543,0.0425690880422,0.0490990180197,0.0512162138916,0.0391438937313,0.0427006172753,0.0618987045888,0.063684977291,0.0672739220737,0.046978655996,0.0584471798389,0.0601182456554,0.0490778176005,0.0436948334609,0.046054711549,0.0473769003267,0.0418093788932,0.0444945223075,0.0625402793116,0.0340926701923,64
"data, visual, visualization, results, information, paper, techniques, approach, analysis, users",D65,0.053849333292,0.03986130036,0.0347926151133,0.0393972018356,0.0470188972079,0.0575584515926,0.0599672964459,0.047415128271,0.0636342589306,0.0724380954953,0.0405017013983,0.0475474813376,0.0474878796528,0.0400846794608,0.0571305061153,0.055530243955,0.0381364600974,0.0389098635681,0.0707534164519,0.0479851894186,65
"data, visual, visualization, users, visualizations, system, results, information, different, design",D66,0.0572222165923,0.030766499702,0.0456985680633,0.051763939195,0.0567449247681,0.0616036079662,0.0386120437337,0.0617170449097,0.0615642998495,0.0546529906696,0.053517444386,0.040824392207,0.0418976069388,0.0489156010483,0.0548438836672,0.0437596128857,0.0494592176359,0.0525970896074,0.0543503114524,0.0394887047218,66
"data, visual, visualization, system, results, information, paper, techniques, approach, analysis",D67,0.0526064281814,0.0387808793136,0.0484064895574,0.0378899536761,0.0635546209575,0.0551344002041,0.0494249763379,0.0486335019362,0.0732933518595,0.0710801479376,0.0533452391868,0.0513385106187,0.0436318177568,0.0408808165165,0.0315923741966,0.0354872841135,0.0414538649282,0.0563577637248,0.0590077638123,0.0480998151845,67
"data, visual, visualization, system, design, time, results, information, based, visualizations",D68,0.0484255298007,0.0348387024505,0.0391969443675,0.0644793419003,0.0523901709937,0.0435580062022,0.0650569118531,0.0518782408822,0.064226004285,0.0522154976643,0.039700363179,0.0595604323372,0.0616092187974,0.0489004237863,0.063749556428,0.0371333139737,0.0402718911254,0.0499566610193,0.0490962555126,0.0337565334418,68
"data, visual, visualization, design, time, users, results, information, study, paper",D69,0.0400090541128,0.0435531644621,0.0357713570408,0.0443598249583,0.0484286195831,0.0702663313698,0.0578238064657,0.0480149561467,0.0564770810981,0.0586161909966,0.0431874677276,0.0545738181089,0.0517446965169,0.0432563686477,0.0471818019176,0.0377429771706,0.0524121467116,0.0718369252377,0.0536207230239,0.0411226887036,69
"data, visual, visualization, visualizations, users, system, design, time, different, study",D70,0.0655884504618,0.0469447646542,0.0410045389947,0.0415268732032,0.0614220850198,0.0642002249391,0.0527015061577,0.0415610157326,0.0587423105708,0.0541582215187,0.0513920471166,0.0473100384645,0.0427398627737,0.0454864550776,0.0380167213825,0.0534942310275,0.0512800601324,0.0605289734513,0.0473269780238,0.0345746412974,70
"data, visual, visualization, users, different, results, information, system, visualizations, using",D71,0.0499733533382,0.0467387221347,0.0403613044012,0.0457634617138,0.0529101272177,0.0597327307442,0.0415094684069,0.0610627698695,0.0588466825929,0.0524353837525,0.0591206822701,0.0467531622136,0.0548097685874,0.0432912503591,0.056120746731,0.0525211399335,0.0345374497154,0.0465494029592,0.056296984801,0.0406654082582,71
"data, visual, visualization, users, design, time, visualizations, based, system, study",D72,0.0582942791875,0.0282276552117,0.0509090872295,0.0549986947292,0.0554192107384,0.0593418699172,0.0515944482235,0.0596018007915,0.0528216766489,0.0570408017746,0.0394221396424,0.0475508158412,0.0387919172141,0.055870820699,0.0573360993323,0.0441763096648,0.0485574943429,0.0586306492227,0.0436876726764,0.0377265569122,72
"data, visual, visualization, based, different, users, paper, techniques, approach, analysis",D73,0.0483568361484,0.0451615552837,0.0469988649219,0.0447963240272,0.042251201125,0.0551918056303,0.0542413389775,0.0452962161293,0.070589045169,0.0557249110289,0.0576039067557,0.0545436197809,0.0542133822774,0.0578024516289,0.0472799224967,0.0561051104811,0.0278880814081,0.0474631636477,0.0461618125405,0.0423304505417,73
"data, visual, visualization, visualizations, users, design, time, results, information, system",D74,0.0616645848781,0.04456018514,0.0399348870703,0.0480886088869,0.0465883755544,0.0561596829646,0.0583763492489,0.0450480648028,0.0589281635557,0.0614371251938,0.0404112809661,0.0511345332194,0.0510215636515,0.0454210731556,0.0561332856409,0.0523524275864,0.0439986735224,0.055454562369,0.0469582688029,0.0363283037903,74
"data, visual, visualization, system, results, information, design, time, visualizations, users",D75,0.0544171557165,0.039325471441,0.0326642680741,0.0563310359098,0.0661382653879,0.0534772873376,0.0506209927008,0.0418268123167,0.0707065026679,0.0590440030944,0.0420806218656,0.0527986490064,0.0513888284876,0.0395014245198,0.0374375118646,0.0473050743657,0.0431127399275,0.0591018557081,0.0602786083074,0.0424428913006,75
"data, visual, visualization, visualizations, design, time, paper, techniques, approach, analysis",D76,0.0698809941738,0.0297739065916,0.0582997693323,0.0600267976763,0.055699326021,0.0475103442631,0.0455182582721,0.0462669869691,0.0531046148906,0.0474936734793,0.0431636846126,0.0439235746381,0.0500205200223,0.0368084663587,0.0477048896105,0.0552740399882,0.0455296849078,0.0654574494097,0.0471461430427,0.0513968757402,76
"data, visual, visualization, design, time, study, paper, techniques, approach, analysis",D77,0.0535897271798,0.0298235545291,0.0436085495821,0.0549901182275,0.0493849231428,0.0486572826058,0.0494371320589,0.0606451600527,0.0677341505317,0.0535805349875,0.0434703953581,0.0431635048414,0.0308529925204,0.0537043328175,0.0633611749028,0.0479932988674,0.0566792741726,0.0577191138902,0.0444401684137,0.0471646113179,77
"data, visual, visualization, study, results, information, system, design, time, visualizations",D78,0.0495065669068,0.0353659461349,0.046629056984,0.0450485009731,0.0608259448555,0.0322197584665,0.0503040888808,0.055696394907,0.0571747758928,0.0623143247045,0.030532477887,0.0585695089823,0.0462668286028,0.0438266040535,0.0607591954948,0.0343778925679,0.0699374195123,0.0569914764453,0.0628166458877,0.0408365918604,78
"data, visual, visualization, users, paper, techniques, approach, analysis, results, information",D79,0.0438429428435,0.0374586858459,0.0326968127369,0.0568792627715,0.0467752380018,0.0652146565335,0.0588523645661,0.058645030258,0.0602764723989,0.0477160399956,0.0385494757354,0.047647419142,0.0446972887,0.049767607147,0.0585059634678,0.0609163515013,0.0453415425113,0.0501974163451,0.0502381370438,0.0457812924546,79
"data, visual, visualization, paper, techniques, approach, analysis, design, time, system",D80,0.0539442645352,0.0356685890017,0.0394664234581,0.0556871673771,0.0543487710983,0.0434207527722,0.0489707331028,0.0591091693562,0.0660257370884,0.0555011157505,0.0463813595977,0.0510569424904,0.062832199616,0.045132023473,0.0548528664339,0.0400506555179,0.039319492103,0.0552258268173,0.0422184953924,0.0507874150179,80
"data, visual, visualization, users, results, information, different, design, time, paper",D81,0.0392936279059,0.0478775324168,0.0431045741802,0.0523502215467,0.0447872151675,0.0592350530534,0.0515221121305,0.0407556240586,0.0657170294288,0.0572728976922,0.0555447969135,0.0371364554369,0.0578636079512,0.046965535684,0.0572313371033,0.0493016370759,0.0441046385056,0.0510652725711,0.0568064615085,0.0420643696694,81
"data, visual, visualization, results, information, system, visualizations, paper, techniques, approach",D82,0.0536582420761,0.036347791441,0.0555548630151,0.0602993667022,0.0554892433438,0.0426225658265,0.0452948464919,0.0495069628973,0.0699170473329,0.0584237017054,0.0436580569885,0.0545660529351,0.0400358885493,0.0505608547123,0.0521206951456,0.0423524709699,0.0390365457327,0.0473565733688,0.0607589426442,0.0424392881215,82
"data, visual, visualization, results, information, visualizations, paper, techniques, approach, analysis",D83,0.0536066457087,0.0293187106751,0.0539093372309,0.0581510847046,0.0493983521379,0.0489776197267,0.0400709156604,0.0567244630929,0.0546000443668,0.0629282322745,0.0485667718984,0.0460622662255,0.0395634795363,0.046929907035,0.0450854911665,0.0578027216601,0.0525872026768,0.0520700147014,0.059408295593,0.0442384439285,83
"data, visual, visualization, paper, techniques, approach, analysis, system, results, information",D84,0.050829445159,0.0297463818125,0.0435439488635,0.0627228075019,0.0544413035742,0.0472933092445,0.0536366668989,0.0539185065294,0.0525822304946,0.0659343974095,0.0494457752604,0.0484434195847,0.0516056633403,0.0496369786162,0.053434179226,0.0427183423813,0.0405023913937,0.0505240149807,0.0532483785863,0.0457918591423,84
"data, visual, visualization, results, information, users, design, time, system, using",D85,0.0363797808569,0.0394520050032,0.0432777995205,0.042576407131,0.0552723228766,0.0556704914497,0.0538174494656,0.0675075648045,0.0704448207859,0.0495500155668,0.0428284701113,0.0455628501188,0.0430639181546,0.0463990837656,0.0572943876178,0.0474674161105,0.0459445145377,0.0555673075132,0.0638532288258,0.038070165784,85
"data, visual, visualization, users, based, paper, techniques, approach, analysis, design",D86,0.0529697872792,0.0379678780664,0.0420156593676,0.0551377739744,0.050039846177,0.0646760982148,0.0482205782006,0.0607259545671,0.0551977108459,0.0477830204249,0.0441050867898,0.0516973543151,0.0536005919288,0.0645827726734,0.0460283008795,0.0350031687205,0.0406117198986,0.0544481546248,0.044236206546,0.0509523365057,86
"data, visual, visualization, results, information, visualizations, users, based, system, different",D87,0.0553232639408,0.0402759193953,0.0621533213271,0.0552191122154,0.0485127337901,0.0544523636637,0.0444730819436,0.0462746006085,0.0645914611612,0.0497379860391,0.0471032261476,0.0354257023515,0.0503713048345,0.0517157906891,0.0632137457969,0.0568348907544,0.0308502075524,0.046472306435,0.0587788075962,0.0382201737577,87
"data, visual, visualization, system, results, information, different, visualizations, users, based",D88,0.0547446408397,0.0335006389498,0.0334583068682,0.0459828839036,0.0649401247488,0.0455640176509,0.0522166640416,0.0434445944681,0.0646286803808,0.0660426295451,0.0563174412192,0.0456663340422,0.0541453728678,0.045354324253,0.0585355174748,0.0551758971117,0.0392656123478,0.0422833881135,0.0610257685746,0.0377071625988,88
"data, design, time, results, information, visual, based, study, visualization, different",D89,0.04235415845,0.0548891110478,0.0535620234553,0.053030443641,0.0347757037082,0.0428783724283,0.0453020810064,0.0491234105612,0.0625852167995,0.0557566898779,0.0463713621768,0.0519796652894,0.0346352389349,0.0556212212226,0.0498921763189,0.0558945284767,0.0549787181024,0.0725303412838,0.058098160257,0.0257413769619,89
"data, visual, visualization, system, results, information, design, time, paper, techniques",D90,0.0552986844551,0.0392807772836,0.035910739063,0.049741503348,0.0645124222207,0.0408046834916,0.0612933645642,0.0532001398657,0.0719443815155,0.0501011210994,0.0397991144337,0.0394716045077,0.0502157586754,0.0467335875846,0.0630128713559,0.038297641808,0.0276233144625,0.0610904339017,0.0628277704238,0.0488400859399,90
"data, visual, visualization, users, design, time, results, information, study, based",D91,0.0416959281151,0.0575646328028,0.0396372889427,0.0497533639684,0.0493865344919,0.0625156656125,0.0582284608492,0.045101230804,0.0507344043507,0.0516187122416,0.0469680064209,0.0494442765549,0.0446492516805,0.0513625711521,0.0447315465429,0.0567998901813,0.051877233987,0.0568099028188,0.0545495034284,0.0365715950543,91
"data, visual, visualization, results, information, users, system, based, different, visualizations",D92,0.0473356496247,0.0492401368628,0.0409660287755,0.0614184069382,0.0579237597962,0.0604665508063,0.0526405506516,0.0472358308762,0.0646193925656,0.0504318434553,0.0544984316421,0.0524498194879,0.0548108104013,0.0549113754845,0.0382563766089,0.0423447620608,0.0370578331038,0.0341955532777,0.0615815528624,0.0376153347183,92
"data, visual, visualization, paper, techniques, approach, analysis, users, visualizations, results",D93,0.0556916170939,0.0449324069536,0.0335577132021,0.0594498458204,0.0463761862014,0.0597264220429,0.0545126943437,0.0417767374627,0.0640545632249,0.0608895208073,0.0541636640978,0.0459120625938,0.0408968100757,0.045200171662,0.043377429814,0.0468744377894,0.0518621425813,0.0450667759563,0.0554033658196,0.0502754324571,93
"data, visual, visualization, results, information, study, users, system, using, paper",D94,0.040198623699,0.0295132255463,0.0377053625121,0.0462923406586,0.0545797166256,0.0561777377816,0.0583539244333,0.0611263275318,0.0514872861818,0.0505408625695,0.0426148058754,0.0641067817659,0.048404865327,0.0443296722738,0.0615238716668,0.0527936087246,0.0576827296193,0.0399171354467,0.0623370134581,0.0403141083028,94
