name,group,T0,T1,T2,T3,T4,T5,T6,T7,T8,T8,ID
"TITLE: A Partition-Based Framework for Building and Validating Regression Models WORDS: users, use, design, visualizations, interactive, volume, different, study, technique, time",A Partition-Based Framework for Building and Validating Regression Models,0.0926470332419,0.0955211423367,0.0775435258014,0.0986022346827,0.125532788639,0.0872185852356,0.106522754864,0.107056236325,0.091194215371,0.118161483502,0
"TITLE: Decision Exploration Lab: A Visual Analytics Solution for Decision Management WORDS: new, novel, used, space, large, users, use, design, visualizations, interactive",Decision Exploration Lab: A Visual Analytics Solution for Decision Management,0.0945522728812,0.106388847159,0.0877645389638,0.123373788582,0.0887116256253,0.107995663302,0.0960016195438,0.101561165754,0.113688545189,0.0799619329994,1
"TITLE: Vis4Heritage: Visual Analytics Approach on Grotto Wall Painting Degradations WORDS: space, large, used, new, novel, flow, tasks, users, use, design",Vis4Heritage: Visual Analytics Approach on Grotto Wall Painting Degradations,0.0672082591877,0.100019115593,0.120456213496,0.0726450422671,0.0801130049845,0.133241396042,0.099305567482,0.147248809577,0.101553010648,0.0782095807229,2
"TITLE: UTOPIAN: User-Driven Topic Modeling Based on Interactive Nonnegative Matrix Factorization WORDS: users, use, design, visualizations, interactive, new, different, study, technique, time",UTOPIAN: User-Driven Topic Modeling Based on Interactive Nonnegative Matrix Factorization,0.110019717454,0.073845009859,0.0912353504862,0.109268320831,0.109625586648,0.0892639005769,0.102125797508,0.0964900713755,0.0969983341497,0.121127911112,3
"TITLE: HierarchicalTopics: Visually Exploring Large Text Collections Using Topic Hierarchies WORDS: space, large, new, users, use, design, visualizations, interactive, volume, novel",HierarchicalTopics: Visually Exploring Large Text Collections Using Topic Hierarchies,0.0860988008156,0.0920868031638,0.11470236352,0.105901456735,0.103289575795,0.0843769525462,0.0916924870515,0.135806614182,0.0964267017063,0.0896182444833,4
"TITLE: Visual Analysis of Topic Competition on Social Media WORDS: new, users, use, design, visualizations, interactive, novel, different, study, technique",Visual Analysis of Topic Competition on Social Media,0.0920720853749,0.114857564367,0.103673154539,0.0983179093422,0.0973435543888,0.0818446575394,0.0841874142527,0.0969725807192,0.119544849842,0.111186229635,5
"TITLE: ScatterBlogs2: Real-Time Monitoring of Microblog Messages through User-Guided filtering WORDS: users, use, design, visualizations, interactive, new, used, volume, different, study",ScatterBlogs2: Real-Time Monitoring of Microblog Messages through User-Guided filtering,0.111376569985,0.0918570516705,0.100768113995,0.136634459131,0.102074064964,0.10451661667,0.0806676711672,0.0889168391735,0.0902985112566,0.0928901019872,6
"TITLE: Visual Analytics for Multimodal Social Network Analysis: A Design Study with Social Scientists WORDS: users, use, design, visualizations, interactive, new, flow, tasks, different, study",Visual Analytics for Multimodal Social Network Analysis: A Design Study with Social Scientists,0.114191507547,0.0975947177597,0.0983909064017,0.0920876047889,0.09198047266,0.101186540904,0.110255164723,0.084529379103,0.103782577393,0.106001128719,7
"TITLE: Explainers: Expert Explorations with Crafted Projections WORDS: new, users, use, design, visualizations, interactive, used, novel, different, study",Explainers: Expert Explorations with Crafted Projections,0.0998948869013,0.120185077388,0.110243623728,0.0863563895494,0.0803846366755,0.11304947593,0.0992876156328,0.0910310189212,0.100003870911,0.0995634043628,8
"TITLE: Semantics of Directly Manipulating Spatializations WORDS: used, volume, users, use, design, visualizations, interactive, new, different, study",Semantics of Directly Manipulating Spatializations,0.0866547510968,0.106611002916,0.10960719043,0.073738479183,0.128061934496,0.144251904201,0.0724651963452,0.0916724680899,0.0924981386768,0.0944389345655,9
"TITLE: SketchPadN-D: WYDIWYG Sculpting and Editing in High-Dimensional Space WORDS: users, use, design, visualizations, interactive, different, study, technique, time, method",SketchPadN-D: WYDIWYG Sculpting and Editing in High-Dimensional Space,0.102558869358,0.105883785056,0.118186395353,0.0806486990794,0.0779860065205,0.111387222698,0.0971031806936,0.0785444604945,0.0827182833608,0.144983097386,10
"TITLE: Visual Analysis of Higher-Order Conjunctive Relationships in Multidimensional Data Using a Hypergraph Query System WORDS: users, use, design, visualizations, interactive, volume, flow, tasks, new, different",Visual Analysis of Higher-Order Conjunctive Relationships in Multidimensional Data Using a Hypergraph Query System,0.130185229617,0.117663564593,0.075734871836,0.120228230458,0.0993169994929,0.0953404647084,0.098210306464,0.0887858487641,0.0779039785885,0.0966305054775,11
"TITLE: Interactive Exploration of Implicit and Explicit Relations in Faceted Datasets WORDS: used, volume, new, flow, tasks, space, large, users, use, design",Interactive Exploration of Implicit and Explicit Relations in Faceted Datasets,0.107918948447,0.114683704513,0.112595016746,0.0998432962763,0.107341613093,0.109175061708,0.09724449654,0.0919479690002,0.0856923341184,0.0735575595589,12
"TITLE: VAICo: Visual Analysis for Image Comparison WORDS: users, use, design, visualizations, interactive, different, study, technique, time, method",VAICo: Visual Analysis for Image Comparison,0.0939825051174,0.0972773738601,0.124575451772,0.0760747545052,0.0923307520378,0.0975269871568,0.100094852599,0.107289148686,0.0932167957677,0.117631378498,13
"TITLE: Open-Box Spectral Clustering: Applications to Medical Image Analysis WORDS: users, use, design, visualizations, interactive, space, large, used, volume, different",Open-Box Spectral Clustering: Applications to Medical Image Analysis,0.0881029110072,0.101399158276,0.0947981890978,0.0864023884183,0.108635490146,0.12019261279,0.0876960361783,0.122740860658,0.0817294658601,0.108302887568,14
"TITLE: Transformation of an Uncertain Video Search Pipeline to a Sketch-Based Visual Analytics Loop WORDS: space, large, users, use, design, visualizations, interactive, flow, tasks, new",Transformation of an Uncertain Video Search Pipeline to a Sketch-Based Visual Analytics Loop,0.127215083497,0.0964226398894,0.0879810255949,0.0744855524421,0.0950956181998,0.100243997662,0.109295043508,0.134669267121,0.0822268804406,0.092364891646,15
"TITLE: Interactive Exploration of Surveillance Video through Action Shot Summarization and Trajectory Visualization WORDS: users, use, design, visualizations, interactive, new, volume, used, different, study",Interactive Exploration of Surveillance Video through Action Shot Summarization and Trajectory Visualization,0.0693300717633,0.118994931795,0.0937433855726,0.130389438911,0.114646013377,0.105711377211,0.0844088513038,0.083795792576,0.0942483360371,0.104731801454,16
"TITLE: Space-Time Visual Analytics of Eye-Tracking Data for Dynamic Stimuli WORDS: users, use, design, visualizations, interactive, volume, space, large, flow, tasks",Space-Time Visual Analytics of Eye-Tracking Data for Dynamic Stimuli,0.120236997759,0.114082022609,0.0985740231362,0.0926585150739,0.112632072756,0.0688525437696,0.109851474306,0.110064623051,0.072146659847,0.100901067692,17
"TITLE: An Extensible Framework for Provenance in Human Terrain Visual Analytics WORDS: users, use, design, visualizations, interactive, different, study, technique, time, method",An Extensible Framework for Provenance in Human Terrain Visual Analytics,0.107738553935,0.112186279361,0.106459704429,0.0963896188739,0.0864191383549,0.106070210583,0.0887369910696,0.0877853102707,0.0873394386318,0.120874754491,18
"TITLE: Visual Exploration of Big Spatio-Temporal Urban Data: A Study of New York City Taxi Trips WORDS: users, use, design, visualizations, interactive, new, used, different, study, technique",Visual Exploration of Big Spatio-Temporal Urban Data: A Study of New York City Taxi Trips,0.112116261342,0.119358422128,0.0848703629087,0.0959013450341,0.104332590389,0.10797365157,0.0784134844051,0.0915160386733,0.0975752892697,0.107942554281,19
"TITLE: Visual Traffic Jam Analysis Based on Trajectory Data WORDS: new, users, use, design, visualizations, interactive, novel, space, large, different",Visual Traffic Jam Analysis Based on Trajectory Data,0.132342693695,0.0876478565066,0.10977109408,0.0857372288219,0.0918675263525,0.089976350001,0.0976776631132,0.102891707228,0.102907997778,0.099179882424,20
"TITLE: Space Transformation for Understanding Group Movement WORDS: users, use, design, visualizations, interactive, new, different, study, technique, time",Space Transformation for Understanding Group Movement,0.111219331196,0.114279145195,0.103501800874,0.105323355335,0.0884929841791,0.0937686659498,0.0938862091851,0.102414640662,0.0832541729984,0.103859694426,21
"TITLE: Visual Analytics for Spatial Clustering: Using a Heuristic Approach for Guided Exploration WORDS: new, novel, users, use, design, visualizations, interactive, space, large, volume",Visual Analytics for Spatial Clustering: Using a Heuristic Approach for Guided Exploration,0.0759694545162,0.12756275877,0.0897563086235,0.0993709373391,0.104647195392,0.0786220327291,0.0961426731655,0.110540324066,0.126349770103,0.0910385452953,22
"TITLE: Supporting Awareness through Collaborative Brushing and Linking of Tabular Data WORDS: users, use, design, visualizations, interactive, volume, different, study, technique, time",Supporting Awareness through Collaborative Brushing and Linking of Tabular Data,0.0958475036142,0.0999730735799,0.10238026417,0.0985408337182,0.111224885723,0.0961041193111,0.104454420601,0.102508948255,0.0824429427807,0.106523008246,23
"TITLE: Identifying Redundancy and Exposing Provenance in Crowdsourced Data Analysis WORDS: users, use, design, visualizations, interactive, new, different, study, technique, time",Identifying Redundancy and Exposing Provenance in Crowdsourced Data Analysis,0.0964887759555,0.0859364098805,0.101365504001,0.0993954788336,0.0982659886992,0.0952544234812,0.0964143018461,0.0933904297873,0.104122442062,0.129366245454,24
"TITLE: The Impact of Physical Navigation on Spatial Organization for Sensemaking WORDS: users, use, design, visualizations, interactive, new, different, study, technique, time",The Impact of Physical Navigation on Spatial Organization for Sensemaking,0.110388593724,0.100222467128,0.0902648169757,0.0771476298391,0.106849011341,0.115903423827,0.0962792601323,0.0815440598682,0.103017537973,0.118383199192,25
"TITLE: Using Interactive Visual Reasoning to Support Sense-Making: Implications for Design WORDS: new, users, use, design, visualizations, interactive, novel, volume, used, space",Using Interactive Visual Reasoning to Support Sense-Making: Implications for Design,0.115242823836,0.0905465677473,0.0940158589271,0.0810891253273,0.112618288359,0.107114067305,0.0790630732042,0.10431434113,0.113118871779,0.102876982386,26
"TITLE: Temporal Event Sequence Simplification WORDS: new, users, use, design, visualizations, interactive, novel, space, large, different",Temporal Event Sequence Simplification,0.11862135268,0.118577053202,0.0933082228553,0.0816086330335,0.0932904055157,0.0879634442504,0.0913384796287,0.106322979153,0.106557492543,0.102411937138,27
"TITLE: Visual Analytics for Model Selection in Time Series Analysis WORDS: users, use, design, visualizations, interactive, different, study, technique, time, method",Visual Analytics for Model Selection in Time Series Analysis,0.0888353042038,0.108095867931,0.0945226270423,0.0888189536744,0.0981908276924,0.119346194676,0.0952778604623,0.106211070932,0.0736078128207,0.127093480566,28
"TITLE: TimeBench: A Data Model and Software Library for Visual Analytics of Time-Oriented Data WORDS: users, use, design, visualizations, interactive, used, different, study, technique, time",TimeBench: A Data Model and Software Library for Visual Analytics of Time-Oriented Data,0.123409055163,0.11387782672,0.0975992575554,0.105198134818,0.0872290330518,0.108650945294,0.0926571156476,0.0828481333673,0.0833468571008,0.105183641282,29
"TITLE: MotionExplorer: Exploratory Search in Human Motion Capture Data Based on Hierarchical Aggregation WORDS: users, use, design, visualizations, interactive, new, used, space, large, different",MotionExplorer: Exploratory Search in Human Motion Capture Data Based on Hierarchical Aggregation,0.106779402037,0.129525068218,0.112481944038,0.0755228573401,0.0953048767304,0.108738674311,0.0762112952758,0.103972836985,0.0932742163445,0.0981888287192,30
"TITLE: Supporting the Visual Analysis of Dynamic Networks by Clustering associated Temporal Attributes WORDS: users, use, design, visualizations, interactive, new, used, space, large, different",Supporting the Visual Analysis of Dynamic Networks by Clustering associated Temporal Attributes,0.0826770228212,0.0907529757546,0.114150273235,0.113332064196,0.101051775966,0.116303211315,0.073424807209,0.109575337863,0.0958800036376,0.102852528002,31
"TITLE: LineUp: Visual Analysis of Multi-Attribute Rankings WORDS: users, use, design, visualizations, interactive, new, used, flow, tasks, space",LineUp: Visual Analysis of Multi-Attribute Rankings,0.0998563432728,0.101218325452,0.103748644882,0.0805249721927,0.0841819502022,0.112388364345,0.1069399731,0.106648710507,0.100815217266,0.10367749878,32
"TITLE: A Model for Structure-Based Comparison of Many Categories in Small-Multiple Displays WORDS: new, users, use, design, visualizations, interactive, volume, used, novel, flow",A Model for Structure-Based Comparison of Many Categories in Small-Multiple Displays,0.114144072547,0.116058358953,0.0885466581043,0.121786929627,0.105271982782,0.10181202178,0.0972188264528,0.0661542715351,0.100407976456,0.0885989017628,33
"TITLE: Common Angle Plots as Perception-True Visualizations of Categorical Associations WORDS: users, use, design, visualizations, interactive, new, flow, tasks, used, different",Common Angle Plots as Perception-True Visualizations of Categorical Associations,0.110481790203,0.084088317474,0.0937067115822,0.0959162393574,0.0999752048662,0.112837710604,0.114030761348,0.0932812042769,0.0929375570275,0.102744503261,34
"TITLE: What Makes a Visualization Memorable? WORDS: new, users, use, design, visualizations, interactive, novel, used, different, study",What Makes a Visualization Memorable?,0.113166612809,0.0719284945527,0.0772936090844,0.0902152614696,0.0882937694011,0.121816398002,0.0912501065322,0.108280290111,0.127445407273,0.110310050765,35
"TITLE: Perception of Average Value in Multiclass Scatterplots WORDS: users, use, design, visualizations, interactive, different, study, technique, time, method",Perception of Average Value in Multiclass Scatterplots,0.12368802212,0.105488471531,0.113140846305,0.0925950851873,0.0831963567685,0.0796541057927,0.0893791757785,0.1071584806,0.077010198101,0.128689257816,36
"TITLE: Selecting the Aspect Ratio of a Scatter Plot Based on Its Delaunay Triangulation WORDS: users, use, design, visualizations, interactive, used, new, different, study, technique",Selecting the Aspect Ratio of a Scatter Plot Based on Its Delaunay Triangulation,0.0996234627032,0.0932400356023,0.093158967077,0.111903301709,0.0852028100979,0.111576821485,0.107004153376,0.1041671658,0.0869325703567,0.107190711793,37
"TITLE:  WORDS: used, space, large, users, use, design, visualizations, interactive, new, flow",,0.0688986432416,0.124255185172,0.102560251007,0.124499373059,0.0868722657541,0.132192968763,0.0940760700442,0.111273166347,0.0765159235992,0.0788561530128,38
"TITLE: Hybrid-Image Visualization for Large Viewing Environments WORDS: users, use, design, visualizations, interactive, new, space, large, different, study",Hybrid-Image Visualization for Large Viewing Environments,0.133178151273,0.0924885917578,0.1065810284,0.0793366084883,0.0920772843903,0.0951503203453,0.0894398101012,0.111352250325,0.0942626145644,0.106133340354,39
"TITLE: An Empirically-Derived Taxonomy of Interaction Primitives for Interactive Cartography and Geovisualization WORDS: new, users, use, design, visualizations, interactive, used, space, large, flow",An Empirically-Derived Taxonomy of Interaction Primitives for Interactive Cartography and Geovisualization,0.102322042191,0.100937391841,0.0939194293708,0.0990784316118,0.0727765238911,0.117504935518,0.10258318956,0.111872524494,0.101930238146,0.0970752933759,40
"TITLE: A Design Space of Visualization Tasks WORDS: users, use, design, visualizations, interactive, new, used, different, study, technique",A Design Space of Visualization Tasks,0.137378754298,0.112490869797,0.103267373298,0.0873778498845,0.0767124830636,0.107067723745,0.0880543868316,0.0950656783965,0.0957140136744,0.0968708670122,41
"TITLE: A Multi-Level Typology of Abstract Visualization Tasks WORDS: volume, users, use, design, visualizations, interactive, space, large, used, new",A Multi-Level Typology of Abstract Visualization Tasks,0.103754703934,0.101428485269,0.101067480249,0.117884604941,0.11757509867,0.10803608895,0.0723143836497,0.10851922926,0.0775511489247,0.0918687761518,42
"TITLE: Information Visualization and Proxemics: Design Opportunities and Empirical findings WORDS: users, use, design, visualizations, interactive, space, large, used, new, different",Information Visualization and Proxemics: Design Opportunities and Empirical findings,0.10477751695,0.0971649230531,0.124649273844,0.0759959097701,0.0801482498816,0.117688654694,0.0910497386201,0.118560672617,0.086652953644,0.103312106927,43
"TITLE: An Interaction Model for Visualizations Beyond The Desktop WORDS: new, space, large, used, novel, volume, flow, tasks, users, use",An Interaction Model for Visualizations Beyond The Desktop,0.0897268645876,0.102222633518,0.0888236858249,0.11675476376,0.100948365215,0.109572338526,0.0953807586,0.117335751964,0.103941161192,0.0752936768118,44
"TITLE: A Deeper Understanding of Sequence in Narrative Visualization WORDS: users, use, design, visualizations, interactive, volume, different, study, technique, time",A Deeper Understanding of Sequence in Narrative Visualization,0.103334555414,0.124835540944,0.105107817753,0.0715822162434,0.121568293741,0.0859293355581,0.0981973460617,0.0931162088905,0.0797742171571,0.116554468238,45
"TITLE: SketchStory: Telling More Engaging Stories with Data through Freeform Sketching WORDS: users, use, design, visualizations, interactive, volume, flow, tasks, new, used",SketchStory: Telling More Engaging Stories with Data through Freeform Sketching,0.0812176717498,0.0998582984105,0.0768312636809,0.107580337323,0.124057263967,0.106707887258,0.121359676398,0.0817552806845,0.0946607011976,0.105971619331,46
"TITLE: Using Concrete Scales: A Practical Framework for Effective Visual Depiction of Complex Measures WORDS: users, use, design, visualizations, interactive, new, space, large, used, different",Using Concrete Scales: A Practical Framework for Effective Visual Depiction of Complex Measures,0.111197913748,0.114517264545,0.0944727518495,0.0888449662341,0.0809681044683,0.115688920362,0.0734572113678,0.116863928712,0.100289317907,0.103699620807,47
"TITLE: StoryFlow: Tracking the Evolution of Stories WORDS: space, large, volume, users, use, design, visualizations, interactive, used, new",StoryFlow: Tracking the Evolution of Stories,0.0998061241985,0.123969038263,0.104374274304,0.0988986136838,0.106902938277,0.102859250815,0.0899214967839,0.109452831894,0.079753504127,0.0840619276539,48
"TITLE: Visual Sedimentation WORDS: new, users, use, design, visualizations, interactive, used, volume, flow, tasks",Visual Sedimentation,0.103368425519,0.0971193266316,0.0957928098767,0.111497154853,0.106171377744,0.107463156072,0.101348296794,0.0931746599149,0.0944779407246,0.0895868518706,49
"TITLE: Nanocubes for Real-Time Exploration of Spatiotemporal Datasets WORDS: used, new, space, large, volume, users, use, design, visualizations, interactive",Nanocubes for Real-Time Exploration of Spatiotemporal Datasets,0.137012909766,0.0978996105252,0.0672502292196,0.0877692046234,0.105287232292,0.128663764908,0.0694888042361,0.124885081851,0.100349355398,0.0813938071817,50
"TITLE: Visualizing Request-Flow Comparison to Aid Performance Diagnosis in Distributed Systems WORDS: users, use, design, visualizations, interactive, new, different, study, technique, time",Visualizing Request-Flow Comparison to Aid Performance Diagnosis in Distributed Systems,0.111294838975,0.10825820805,0.0792081262937,0.114995290556,0.0997976493916,0.104005260692,0.0947605605076,0.0731116258117,0.102812672149,0.111755767572,51
"TITLE: Evaluation of filesystem Provenance Visualization Tools WORDS: new, users, use, design, visualizations, interactive, used, novel, different, study",Evaluation of filesystem Provenance Visualization Tools,0.142673118891,0.125163462531,0.104315407287,0.0667670823737,0.0888480791373,0.111057388278,0.0744484063217,0.0903015636617,0.0986616369116,0.0977638546072,52
"TITLE: Visualizing Fuzzy Overlapping Communities in Networks WORDS: users, use, design, visualizations, interactive, new, different, study, technique, time",Visualizing Fuzzy Overlapping Communities in Networks,0.118264941077,0.0858835481409,0.110927496804,0.0890317565282,0.0782267230052,0.104990708605,0.0785452074205,0.0976621334114,0.111550536398,0.12491694861,53
"TITLE: Radial Sets: Interactive Visual Analysis of Large Overlapping Sets WORDS: users, use, design, visualizations, interactive, used, space, large, different, study",Radial Sets: Interactive Visual Analysis of Large Overlapping Sets,0.106492284439,0.103021778607,0.119622975084,0.110235052072,0.0833001349801,0.113998201308,0.0754580587852,0.106900509697,0.0756369574233,0.105334047606,54
"TITLE: SoccerStories: A Kick-off for Visual Soccer Analysis WORDS: new, users, use, design, visualizations, interactive, novel, space, large, different",SoccerStories: A Kick-off for Visual Soccer Analysis,0.129097262973,0.0903610588865,0.118144643899,0.0953194845419,0.0890051869961,0.0620181669921,0.0945561349744,0.109506401009,0.114591787037,0.0973998726904,55
"TITLE: Creative User-Centered Visualization Design for Energy Analysts and Modelers WORDS: used, users, use, design, visualizations, interactive, space, large, new, different",Creative User-Centered Visualization Design for Energy Analysts and Modelers,0.106063262374,0.0878063103913,0.0898842991976,0.108603979108,0.0825199777651,0.129368965417,0.0884695710672,0.117556290259,0.0921860422202,0.0975413022013,56
"TITLE: Understanding Interfirm Relationships in Business Ecosystems with Interactive Visualization WORDS: used, new, space, large, users, use, design, visualizations, interactive, volume",Understanding Interfirm Relationships in Business Ecosystems with Interactive Visualization,0.0964506976911,0.124348859649,0.0757236073539,0.0913672767475,0.104749422393,0.139674963175,0.0868373535043,0.107454197827,0.0880738119336,0.0853198097262,57
"TITLE: Entourage: Visualizing Relationships between Biological Pathways using Contextual Subsets WORDS: users, use, design, visualizations, interactive, new, different, study, technique, time",Entourage: Visualizing Relationships between Biological Pathways using Contextual Subsets,0.119119416955,0.131508114988,0.110583863757,0.0918144462992,0.0886968641832,0.0783188118818,0.0853423585583,0.0915757296002,0.100230541496,0.102809852281,58
"TITLE: Variant View: Visualizing Sequence Variants in their Gene Context WORDS: new, users, use, design, visualizations, interactive, volume, novel, space, large",Variant View: Visualizing Sequence Variants in their Gene Context,0.0988378244291,0.135177857142,0.0942266955564,0.0673044744988,0.115148740581,0.105579054955,0.0773680960384,0.106242847933,0.106918868069,0.0931955407977,59
"TITLE: DiffAni: Visualizing Dynamic Graphs with a Hybrid of Difference Maps and Animation WORDS: users, use, design, visualizations, interactive, space, large, different, study, technique",DiffAni: Visualizing Dynamic Graphs with a Hybrid of Difference Maps and Animation,0.104091390959,0.120114003234,0.0908594541368,0.0899283104283,0.0759138801099,0.107758931223,0.104551149812,0.113648014144,0.0809236943032,0.112211171649,60
"TITLE: Visualizing Change over Time Using Dynamic Hierarchies: TreeVersity2 and the StemView WORDS: users, use, design, visualizations, interactive, volume, new, different, study, technique",Visualizing Change over Time Using Dynamic Hierarchies: TreeVersity2 and the StemView,0.102884948504,0.102226399408,0.0985433967566,0.0664100962264,0.120898498953,0.105897301693,0.103380313884,0.0924459868098,0.0954800952938,0.111832962471,61
"TITLE: Visual Compression of Workflow Visualizations with Automated Detection of Macro Motifs WORDS: users, use, design, visualizations, interactive, different, study, technique, time, method",Visual Compression of Workflow Visualizations with Automated Detection of Macro Motifs,0.107618664042,0.112787458891,0.10334563755,0.0784602795996,0.105483591256,0.0796293786268,0.0981631606712,0.0992495500094,0.0942554190464,0.121006860308,62
"TITLE: Automatic Layout of Structured Hierarchical Reports WORDS: used, users, use, design, visualizations, interactive, space, large, flow, tasks",Automatic Layout of Structured Hierarchical Reports,0.109967609321,0.0930217205688,0.102245187652,0.0982479055818,0.0704369434579,0.146991351931,0.100035280603,0.113245635931,0.0683655422344,0.0974428227193,63
"TITLE: Edge Compression Techniques for Visualization of Dense Directed Graphs WORDS: users, use, design, visualizations, interactive, used, different, study, technique, time",Edge Compression Techniques for Visualization of Dense Directed Graphs,0.127695782774,0.100263607355,0.0983978322634,0.0915420981254,0.0915504200088,0.119676473828,0.104162625796,0.0806437747662,0.0804670798638,0.105600305219,64
"TITLE: GPLOM: The Generalized Plot Matrix for Visualizing Multidimensional Multivariate Data WORDS: new, novel, users, use, design, visualizations, interactive, space, large, used",GPLOM: The Generalized Plot Matrix for Visualizing Multidimensional Multivariate Data,0.100078410948,0.113210033398,0.0953398854283,0.112608903796,0.0849026654666,0.100695936295,0.0734888632966,0.101072198315,0.125714909561,0.0928881934963,65
"TITLE: Orthographic Star Coordinates WORDS: users, use, design, visualizations, interactive, new, different, study, technique, time",Orthographic Star Coordinates,0.153026362542,0.0948948060324,0.059078996469,0.104434361045,0.0855754009991,0.0901117810721,0.105257512629,0.0911563986971,0.0980580893855,0.118406291129,66
"TITLE: Dimension Projection Matrix/Tree: Interactive Subspace Visual Exploration and Analysis of High Dimensional Data WORDS: new, space, large, users, use, design, visualizations, interactive, volume, novel",Dimension Projection Matrix/Tree: Interactive Subspace Visual Exploration and Analysis of High Dimensional Data,0.0972910759299,0.0958393627387,0.0914262910634,0.0874925945188,0.111420747446,0.0984367151917,0.0855915097851,0.127648994939,0.109809492812,0.0950432155763,67
"TITLE: Empirical Guidance on Scatterplot and Dimension Reduction Technique Choices WORDS: users, use, design, visualizations, interactive, new, used, different, study, technique",Empirical Guidance on Scatterplot and Dimension Reduction Technique Choices,0.101248073814,0.124341305232,0.0994274117037,0.0907585300299,0.0907120577287,0.105069198171,0.0954533941758,0.0849349417131,0.103359305752,0.104695781679,68
"TITLE: Visualization of Shape Motions in Shape Space WORDS: users, use, design, visualizations, interactive, new, used, different, study, technique",Visualization of Shape Motions in Shape Space,0.0892894437602,0.0911442712141,0.12035257517,0.0902954589378,0.102107270779,0.120202019246,0.0927545154585,0.08454605613,0.0993658372847,0.109942552019,69
"TITLE: Fast Blending Scheme for Molecular Surface Representation WORDS: new, used, volume, flow, tasks, novel, space, large, users, use",Fast Blending Scheme for Molecular Surface Representation,0.0794173694731,0.112547303961,0.112400903993,0.111595966668,0.114367342792,0.116210180232,0.0985845605692,0.0901311299664,0.0958187038423,0.0689265385029,70
"TITLE: Detecting Symmetry in Scalar fields Using Augmented Extremum Graphs WORDS: users, use, design, visualizations, interactive, new, space, large, flow, tasks",Detecting Symmetry in Scalar fields Using Augmented Extremum Graphs,0.0891978072247,0.116408815319,0.0691213769405,0.082204659461,0.111227740643,0.0812820726487,0.117860532674,0.124854455015,0.0999854149963,0.107857125078,71
"TITLE: Fast Generation of Virtual X-ray Images for Reconstruction of 3D Anatomy WORDS: new, users, use, design, visualizations, interactive, novel, space, large, used",Fast Generation of Virtual X-ray Images for Reconstruction of 3D Anatomy,0.112153883252,0.0815757557616,0.0982650568646,0.0996422813178,0.0888362295969,0.106147417606,0.090337893832,0.107506156977,0.115841901582,0.0996934232101,72
"TITLE: An Information-Aware Framework for Exploring Multivariate Data Sets WORDS: new, novel, users, use, design, visualizations, interactive, space, large, flow",An Information-Aware Framework for Exploring Multivariate Data Sets,0.102517464309,0.134272013556,0.0944789811871,0.0968985782535,0.0841030687241,0.0832040971839,0.0954003519331,0.101362494304,0.116094200608,0.0916687499421,73
"TITLE: Efficient Local Statistical Analysis via Integral Histograms with Discrete Wavelet Transform WORDS: users, use, design, visualizations, interactive, volume, different, study, technique, time",Efficient Local Statistical Analysis via Integral Histograms with Discrete Wavelet Transform,0.0878544458498,0.100770315289,0.0956353849594,0.0843358040391,0.126246557823,0.112210549055,0.0963317017409,0.0929583901564,0.0849430201737,0.118713830913,74
"TITLE: Characterizing and Visualizing Predictive Uncertainty in Numerical Ensembles Through Bayesian Model Averaging WORDS: new, users, use, design, visualizations, interactive, flow, tasks, space, large",Characterizing and Visualizing Predictive Uncertainty in Numerical Ensembles Through Bayesian Model Averaging,0.0996198382725,0.0956991048685,0.103341818913,0.0945583656756,0.0998708992947,0.0878378421483,0.114455544687,0.107710488415,0.0991393552912,0.0977667424341,75
"TITLE: Contour Boxplots: A Method for Characterizing Uncertainty in Feature Sets from Simulation Ensembles WORDS: users, use, design, visualizations, interactive, volume, different, study, technique, time",Contour Boxplots: A Method for Characterizing Uncertainty in Feature Sets from Simulation Ensembles,0.114711926233,0.0790118229864,0.118480144337,0.114521450392,0.134986160576,0.0851796391654,0.0736168742213,0.0904140613385,0.0800508560773,0.109027064673,76
"TITLE: Uncertainty Quantification in Linear Interpolation for Isosurface Extraction WORDS: used, new, space, large, users, use, design, visualizations, interactive, volume",Uncertainty Quantification in Linear Interpolation for Isosurface Extraction,0.129166416387,0.0921910695948,0.0977019339005,0.068798734936,0.102327223963,0.125025114074,0.0754101833067,0.119523067316,0.096435052651,0.0934212038723,77
"TITLE: Coupled Ensemble Flow Line Advection and Analysis WORDS: users, use, design, visualizations, interactive, used, space, large, different, study",Coupled Ensemble Flow Line Advection and Analysis,0.0982467493653,0.0873082788152,0.0799479530604,0.128242453806,0.0894316956853,0.130442498451,0.0927850597944,0.116616590976,0.0686403650861,0.108338354959,78
"TITLE: Comparative Visual Analysis of Lagrangian Transport in CFD Ensembles WORDS: new, flow, tasks, users, use, design, visualizations, interactive, novel, used",Comparative Visual Analysis of Lagrangian Transport in CFD Ensembles,0.090719400684,0.105165901517,0.106784409474,0.087270043823,0.0716073507946,0.114018464734,0.119706007962,0.0966227807147,0.11560710155,0.0924985387465,79
"TITLE: Adaptive Refinement of the Flow Map Using Sparse Samples WORDS: users, use, design, visualizations, interactive, used, space, large, different, study",Adaptive Refinement of the Flow Map Using Sparse Samples,0.0977923171372,0.106461844373,0.103523233266,0.106860397281,0.104526402,0.10836971327,0.0898644663582,0.106117208246,0.0707792379962,0.105705180072,80
"TITLE: Visualization of Morse Connection Graphs for Topologically Rich 2D Vector fields WORDS: new, users, use, design, visualizations, interactive, novel, used, flow, tasks",Visualization of Morse Connection Graphs for Topologically Rich 2D Vector fields,0.0884183570861,0.122501033898,0.0938476390192,0.101223446726,0.0935622783653,0.112086195147,0.108565790001,0.0663151258778,0.115392899383,0.0980872344961,81
"TITLE: Semi-Automatic Vortex Extraction in 4D PC-MRI Cardiac Blood Flow Data using Line Predicates WORDS: new, space, large, users, use, design, visualizations, interactive, used, novel",Semi-Automatic Vortex Extraction in 4D PC-MRI Cardiac Blood Flow Data using Line Predicates,0.0997344122882,0.109221716907,0.0975499374813,0.0962444088005,0.0945197736482,0.111456070518,0.0742504558936,0.117042430064,0.107246731706,0.092734062693,82
"TITLE: Design by Dragging: An Interface for Creative Forward and Inverse Design with Simulation Ensembles WORDS: users, use, design, visualizations, interactive, flow, tasks, new, volume, used",Design by Dragging: An Interface for Creative Forward and Inverse Design with Simulation Ensembles,0.119519113196,0.105480384073,0.0770608220304,0.0811427767185,0.107371269091,0.104803106734,0.120661249445,0.0948651303173,0.0884814274775,0.100614720917,83
"TITLE: A Multi-Criteria Approach to Camera Motion Design for Volume Data Animation WORDS: new, users, use, design, visualizations, interactive, novel, space, large, used",A Multi-Criteria Approach to Camera Motion Design for Volume Data Animation,0.130364399764,0.0921051440272,0.117945409747,0.107045098341,0.0898725672515,0.0901348897659,0.0899494608822,0.100315524507,0.100610217446,0.0816572882689,84
"TITLE: A Lightweight Tangible 3D Interface for Interactive Visualization of Thin fiber Structures WORDS: space, large, used, users, use, design, visualizations, interactive, new, volume",A Lightweight Tangible 3D Interface for Interactive Visualization of Thin fiber Structures,0.0915259677991,0.106202156331,0.0821690584364,0.0980599430183,0.10212836237,0.118502406699,0.0920025504879,0.131904005564,0.0847174559576,0.0927880933375,85
"TITLE: Evaluation of Static and Dynamic Visualization Training Approaches for Users with Different Spatial Abilities WORDS: users, use, design, visualizations, interactive, new, space, large, used, different",Evaluation of Static and Dynamic Visualization Training Approaches for Users with Different Spatial Abilities,0.110808740773,0.100676211265,0.0802496253709,0.11738130484,0.0799538582076,0.110750588684,0.087234760607,0.111215863417,0.0921053614299,0.109623685406,86
"TITLE: A Systematic Review on the Practice of Evaluating Visualization WORDS: users, use, design, visualizations, interactive, different, study, technique, time, method",A Systematic Review on the Practice of Evaluating Visualization,0.125364186625,0.0875462374947,0.0997802664898,0.0862513406898,0.112366577072,0.0966010942726,0.0762389503643,0.113447303271,0.0882708411015,0.11413320262,87
"TITLE: Interactive Patient-Specific Vascular Modeling with Sweep Surfaces WORDS: users, use, design, visualizations, interactive, new, flow, tasks, different, study",Interactive Patient-Specific Vascular Modeling with Sweep Surfaces,0.115772368554,0.0951676954392,0.0955368301308,0.0922599198837,0.0986888548445,0.0949479034889,0.115627462585,0.0871777580565,0.0996419994901,0.105179207528,88
"TITLE: Area-Preservation Mapping using Optimal Mass Transport WORDS: space, large, new, volume, flow, tasks, users, use, design, visualizations",Area-Preservation Mapping using Optimal Mass Transport,0.0973466722236,0.114434508369,0.10099146416,0.0937254447619,0.100180613318,0.0914525963122,0.095057374289,0.138356832767,0.0930478614318,0.0754066323682,89
"TITLE: Colon Flattening Using Heat Diffusion Riemannian Metric WORDS: new, used, novel, volume, users, use, design, visualizations, interactive, flow",Colon Flattening Using Heat Diffusion Riemannian Metric,0.0998158094073,0.0986209987362,0.0841456597615,0.0822097792857,0.110877732668,0.140900225016,0.0903442038504,0.0901873397774,0.117202344443,0.0856959070541,90
"TITLE: Vessel Visualization using Curved Surface Reformation WORDS: users, use, design, visualizations, interactive, new, volume, flow, tasks, different",Vessel Visualization using Curved Surface Reformation,0.10983824248,0.0919907593477,0.0945776670676,0.108747067366,0.118815948273,0.0735265144251,0.111251781207,0.085478488814,0.0973752982003,0.108398232819,91
"TITLE: ConnectomeExplorer: Query-Guided Visual Analysis of Large Volumetric Neuroscience Data WORDS: users, use, design, visualizations, interactive, new, different, study, technique, time",ConnectomeExplorer: Query-Guided Visual Analysis of Large Volumetric Neuroscience Data,0.122925547314,0.114040287698,0.0798757227472,0.0895057562318,0.098418858067,0.0816066039225,0.100044728039,0.10204029844,0.100158984137,0.111383213404,92
"TITLE: ManyVis: Multiple Applications in an Integrated Visualization Environment WORDS: used, new, space, large, volume, novel, flow, tasks, users, use",ManyVis: Multiple Applications in an Integrated Visualization Environment,0.122058884613,0.120725469198,0.109947079529,0.0936061199149,0.0962310969908,0.114762851465,0.0846900850975,0.103907325655,0.0877431970204,0.0663278905165,93
"TITLE: Acuity-Driven Gigapixel Visualization WORDS: users, use, design, visualizations, interactive, different, study, technique, time, method",Acuity-Driven Gigapixel Visualization,0.10459501093,0.0935091894953,0.0843225588055,0.103792222703,0.0937499959977,0.116463430033,0.11608644286,0.0932925103454,0.0680775290931,0.126111109737,94
"TITLE: An Exploration Framework to Identify and Track Movement of Cloud Systems WORDS: new, space, large, used, users, use, design, visualizations, interactive, novel",An Exploration Framework to Identify and Track Movement of Cloud Systems,0.0752101536653,0.0926251576268,0.0751630498378,0.119237310151,0.102356348003,0.11916951651,0.0936689559756,0.121141685547,0.108811649656,0.0926161730268,95
"TITLE: MObjects--A Novel Method for the Visualization and Interactive Exploration of Defects in Industrial XCT Data WORDS: users, use, design, visualizations, interactive, used, new, different, study, technique",MObjects--A Novel Method for the Visualization and Interactive Exploration of Defects in Industrial XCT Data,0.0921166505049,0.103938765764,0.0822462791122,0.115374614096,0.0963010341486,0.12295917716,0.0920393908694,0.0822765584897,0.0983040204785,0.114443509376,96
"TITLE: GRACE: A Visual Comparison Framework for Integrated Spatial and Non-Spatial Geriatric Data WORDS: users, use, design, visualizations, interactive, new, different, study, technique, time",GRACE: A Visual Comparison Framework for Integrated Spatial and Non-Spatial Geriatric Data,0.0790712156612,0.0887923710871,0.0896060979721,0.0942518415671,0.0934033914891,0.110176942784,0.109513635083,0.10961349475,0.110140774254,0.115430235352,97
"TITLE: Noise-Based Volume Rendering for the Visualization of Multivariate Volumetric Data WORDS: new, users, use, design, visualizations, interactive, used, space, large, flow",Noise-Based Volume Rendering for the Visualization of Multivariate Volumetric Data,0.0940373989953,0.102228737412,0.0936287529695,0.0976229512071,0.0886882967604,0.109698978529,0.105636797134,0.107974307479,0.104976167278,0.0955076122359,98
